1901	317	64.333	23.45	19020101	0600
1902	244	61.183	22.617	19030101	2000
1903	289	61.483	21.35	19040101	1300
1904	256	64.333	23.45	19050101	0600
1905	283	61.5	23.767	19060101	2000
1906	294	61.5	23.767	19070101	2000
1907	283	65.017	25.45	19080101	1300
1908	289	65.95	29.2	19090101	2000
1909	278	65.017	25.45	19100101	2000
1910	294	62.9	27.667	19110101	0600
1911	306	65.017	25.45	19120101	2000
1912	322	61.5	23.767	19130101	0600
1913	300	69.1	27.217	19140101	0600
1914	333	60.717	28.783	19150101	2000
1915	294	64.217	27.767	19160101	1300
1916	278	61.0	24.95	19170101	2000
1917	317	60.1	19.95	19180101	2000
1918	322	63.083	21.617	19190101	2000
1919	378	67.367	26.65	19200101	1300
1920	294	63.083	21.617	19210101	1300
1921	283	67.367	26.65	19220101	1300
1922	278	62.233	25.733	19230101	1300
1923	294	61.0	24.95	19240101	1300
1924	294	62.233	25.733	19250101	2000
1925	317	49.933	-6.3	19260101	0600
1926	489	57.167	-2.1	19270101	0600
1927	489	52.417	9.75	19280101	0600
1928	378	53.767	6.067	19290101	0600
1929	328	51.683	-5.167	19300101	1300
1930	400	50.817	-1.3	19301231	0700
